2399.21600983
2527.27458983
2656.31717983
2771.34411983
2866.25171159
2884.42817983
3040.52928983
3128.98819509
3155.55622983
3211.34488535
3284.59881983
3377.26885519
3440.69992983
3568.75850983
3571.00565982
3647.06154553
3688.03500327
3696.85346983
3797.90114983
3868.93825983
3882.0750073
3971.94744983
3983.96519983
4029.74885107
4085.7034726
4098.99213983
4109.00635983
4227.08709983
4246.06526983
4343.11802983
4383.18820983
4440.20966983
4472.16061983
4562.04415364
4596.31077983
4635.22394983
4724.36935983
4736.27162983
4832.60090362
4837.45341983
4922.35093983
4965.54837983
4993.38804983
5102.60728983
5124.42853983
5211.46056983
5230.70224983
5268.48202983
5301.73935983
5381.56608983
5432.77984983
5510.23418489
5561.82243983
5567.64539983
5641.93038107
5663.05821076
5689.91739983
5735.01736794
5753.72470983
5786.97015983
5868.75164983
5934.03856983
5981.83570983
6065.07905983
6109.93066983
6112.37540476
6114.4716491
6221.18016983
6240.97115983
6247.27475031
6318.23292983
6358.45250457
6397.07226983
6457.96925293
6465.30133983
6525.04463328
6534.13117983
6538.03778978
6547.1158067
6594.34392983
6631.18393983
