12181.4879154
1228.73391769
1325.78667769
1365.79282769
1481.88778769
1493.88778769
1628.95619769
1656.95111769
1726.00895769
1804.01952769
1854.06753769
1951.08793769
1982.16249769
2079.18289769
2081.23090769
2180.29931769
2207.24147769
2294.34224769
2304.29423769
2397.35143769
2435.33472769
2496.41984769
2582.40313769
2625.46243769
2683.45081769
2781.56354769
2796.53487769
2838.58500769
2925.61703769
2952.63598769
3038.70109769
3053.68366769
3124.72077769
3166.75967769
3237.80483769
3265.82808769
3336.87324769
3362.88084769
3465.91583769
3499.93975769
3578.99989769
3647.00816769
3760.09222769
3765.07920769
3864.14761769
3907.16063769
3921.16907769
4008.20831769
4035.21200769
4107.27672769
4136.25968769
4207.29679769
4254.34513769
4320.38085769
4410.44624769
4421.42853769
4535.47146769
4547.50515769
4618.54226769
4721.55077769
4721.55145769
4778.57291769
4850.59336769
4915.63182769
4979.63595769
5043.69040769
5135.73706769
5171.74898769
5192.75852769
5228.77044769
5329.81812769
5348.85963769
5461.94369769
5492.88145769
5579.91348769
5618.04480769
5731.12886769
5736.01459769
5849.09865769
5860.17145769
5946.15141769
5991.21194769
6059.23547769
6122.25243769
6190.27596769
6235.33649769
6321.31645769
6332.38925769
6445.47331769
6450.35904769
6563.44310769
6601.57442769
6688.60645769
6719.54421769
6832.62827769
6851.66978769
6952.71746769
6988.72938769
7009.73892769
7045.75084769
7137.79750769
7201.85195769
7265.85608769
7330.89454769
7402.91499769
7459.93645769
7459.93713769
7562.94564769
7633.98275769
7646.01644769
7760.05937769
7771.04166769
7861.10705769
7927.14277769
7974.19111769
8045.22822769
8074.21118769
8146.27590769
8173.27959769
8260.31883769
8274.32727769
8317.34029769
8416.40870769
8421.39568769
8534.47974769
8602.48801769
8681.54815769
8715.57207769
8818.60706769
8844.61466769
8915.65982769
8943.68307769
9014.72823769
9056.76713769
9127.80424769
9142.78681769
9228.85192769
9255.87087769
9342.90290769
9384.95303769
9399.92436769
9498.03709769
9556.02547769
9599.08477769
9685.06806769
9746.15318769
9784.13647769
9877.19367769
9887.14566769
9974.24643769
10001.1885977
10100.2570077
10102.3050177
10199.3254177
10230.3999777
10327.4203777
10377.4683877
10455.4789577
10524.5367977
10552.5317177
10687.6001277
10699.6001277
10815.6950877
10855.7012377
10952.7539977
