2395.5670372
2526.6075272
2673.6759372
2786.7599972
2914.8549572
3027.9390172
3141.9819472
3229.0139772
3300.0510872
3486.1303972
3573.1624272
3736.2257572
3850.2686872
4006.3697972
4135.4123872
4249.4553172
4386.5142272
4473.5462572
4576.5554472
4679.5646372
4794.5915772
4950.6926872
5113.7560172
5244.7965072
5345.8441872
5444.9125972
5572.9711772
5629.9926372
5729.0610472
5866.1199572
5953.1519872
6081.2105672
6218.2694772
6317.3378872
6445.3964672
6631.4757772
6787.5768872
6902.6038272
7030.6987872
7143.7828472
7242.8512572
7299.8727172
7427.9676772
7614.0469872
7770.1480972
7899.1906872
8012.2747472
8141.3173372
8288.3857472
8385.4385072
8484.5069172
8598.5498472
8761.6131772
8818.6346372
8932.6775672
9088.7786772
9251.8420072
9388.9009172
9516.9958772
9631.0388072
9745.0817372
9860.1086772
9961.1563572
10060.2247672
10161.2724472
10274.3565072
10373.4249172
10488.4518572
10545.4733172
10642.5260772
10755.6101372
10812.6315972
10926.6745272
11112.7538372
11199.7858672
11336.8447772
11439.8539672
11540.9016472
11611.9387572
11742.9792472
11929.0585572
12042.1426172
