938
298 348
26 39
808 368
595 585
557 78
27 259
185 562
854 606
60 531
606 411
11 47
295 26
380 203
459 367
635 182
689 535
173 84
298 315
651 135
302 20
22 861
18 23
136 42
631 392
763 224
301 227
25 35
162 682
257 497
330 96
43 226
303 910
8 224
212 42
13 68
814 412
42 29
86 248
34 62
12 234
123 78
582 531
253 625
217 418
850 91
361 550
104 35
119 298
115 271
130 699
248 382
721 255
42 52
118 478
436 500
530 247
171 553
453 337
391 1
545 630
201 579
359 419
148 288
262 4
266 37
186 472
55 131
901 217
324 560
312 643
886 272
240 222
219 547
97 767
415 16
54 218
7 333
324 285
860 772
21 198
176 228
553 602
614 586
22 13
18 14
1 823
251 82
39 85
373 634
235 881
199 205
221 345
828 446
32 112
77 677
469 464
752 791
54 350
804 188
523 594
334 203
411 645
576 745
196 305
843 570
257 75
174 16
260 209
370 37
626 526
159 632
225 526
663 810
155 8
367 195
225 552
503 521
834 29
690 569
63 368
291 394
617 274
26 201
388 518
377 266
394 794
663 678
258 424
644 43
233 463
99 76
217 178
387 697
46 774
638 512
59 21
118 829
576 779
154 583
698 531
4 11
674 680
598 802
500 706
489 184
495 59
382 876
858 885
701 20
362 130
231 371
160 64
526 628
402 448
640 504
716 703
101 88
141 710
326 283
314 404
777 418
6 267
95 803
590 220
815 711
184 406
422 527
410 362
20 102
82 276
71 29
61 100
84 31
904 26
725 366
655 1
95 4
589 374
206 423
182 727
360 398
365 79
120 50
229 216
544 596
358 106
126 239
357 133
35 833
373 147
40 6
128 337
34 386
72 67
44 211
50 438
709 602
290 771
869 292
155 816
29 133
171 188
402 610
208 197
611 844
747 238
571 10
602 662
208 283
749 882
51 67
223 352
158 35
29 565
103 598
674 391
249 62
94 663
668 89
50 17
121 223
629 754
23 25
813 355
431 403
3 1
199 379
145 934
343 427
106 310
54 93
484 234
871 455
188 388
251 297
21 3
391 585
359 902
285 287
877 331
61 660
53 106
434 673
213 468
196 56
607 561
622 427
730 405
528 184
97 524
485 493
400 597
841 269
275 328
361 132
73 34
397 240
217 378
169 2
78 90
155 683
665 410
760 838
750 800
61 309
406 457
509 729
308 653
195 293
735 348
117 144
286 205
127 679
223 897
9 140
55 83
83 113
912 505
649 905
198 364
282 188
207 290
82 134
649 619
53 54
570 916
15 28
7 49
511 332
650 197
918 517
283 812
479 1
36 11
24 162
609 792
619 408
355 504
110 159
175 190
192 194
74 32
712 610
96 93
39 488
84 97
460 137
194 197
340 898
863 60
524 567
127 641
12 34
42 142
471 361
314 80
2 593
760 680
368 432
127 183
138 123
775 401
853 530
722 560
166 219
69 182
215 208
315 827
213 44
572 207
247 222
917 256
818 211
870 890
123 616
19 58
48 519
261 525
158 216
772 366
224 805
156 669
394 883
126 176
743 142
557 826
39 178
13 117
781 724
872 726
541 692
171 784
119 82
4 15
577 225
309 766
599 299
422 211
647 928
407 591
63 30
444 446
341 656
373 507
192 130
73 306
605 433
363 425
31 338
845 600
384 69
12 4
927 189
189 636
334 512
74 726
502 458
152 56
43 26
539 29
473 335
280 97
691 571
858 187
830 517
19 11
76 125
20 78
821 235
65 39
685 840
268 10
229 455
666 284
859 851
87 41
56 7
369 451
187 481
1 7
42 82
44 16
703 926
272 75
83 128
299 430
232 204
275 718
156 51
179 12
250 517
331 36
733 152
222 91
3 4
277 197
529 675
1 187
381 333
229 237
107 549
347 761
195 342
645 839
889 679
486 168
165 26
335 252
274 937
320 260
217 420
807 86
545 461
581 103
450 263
412 684
542 477
629 548
778 237
332 71
564 543
26 359
378 402
24 31
161 558
533 149
480 848
647 437
549 749
9 5
688 413
68 356
113 434
127 86
108 41
935 133
24 243
323 620
83 139
672 494
40 103
166 642
173 514
112 241
14 390
353 573
115 92
896 650
33 45
613 180
718 755
123 325
34 466
931 884
769 426
332 554
788 755
692 759
522 177
32 261
170 116
49 105
3 16
654 245
742 26
429 879
96 746
508 254
658 473
478 592
517 756
312 138
306 832
489 541
758 263
170 351
307 43
13 75
281 242
42 289
319 454
130 532
399 241
145 233
513 395
798 105
512 543
473 714
5 48
208 686
264 773
708 644
852 832
698 785
746 936
88 14
817 480
177 117
29 11
929 831
219 245
519 723
790 573
311 51
220 401
590 783
753 77
867 317
280 893
71 231
129 254
612 179
4 444
387 156
140 263
123 203
650 903
717 550
111 63
695 224
780 407
339 793
313 19
809 322
724 862
113 269
40 408
736 305
894 271
578 16
235 19
147 28
172 86
75 923
494 648
13 10
837 90
429 240
66 126
618 472
278 152
248 447
716 895
150 452
782 32
190 566
440 427
892 452
720 325
442 378
96 137
96 637
523 737
544 9
556 580
104 184
822 662
244 142
592 776
421 95
796 129
414 37
475 394
156 407
308 221
659 487
548 6
701 835
151 57
349 55
194 204
531 568
401 768
861 908
888 492
134 757
156 462
292 383
503 178
375 870
515 198
15 180
200 355
899 389
225 125
536 511
234 483
480 7
569 703
246 221
74 540
38 118
157 220
664 487
938 779
121 7
168 209
8 6
172 191
41 439
107 109
846 551
827 849
891 539
681 449
740 24
423 831
17 696
366 147
18 66
306 494
510 399
202 574
32 30
207 97
107 611
27 168
135 496
143 161
302 316
227 279
36 37
256 81
62 264
113 915
18 107
343 303
811 240
171 728
304 184
498 373
231 411
157 144
160 166
556 393
26 86
360 211
324 864
417 129
856 452
403 255
156 376
70 41
819 528
51 37
441 267
79 129
499 222
145 242
160 857
789 189
193 2
883 932
198 465
413 739
169 501
538 164
567 687
874 554
907 122
204 546
139 340
199 160
255 787
136 615
95 601
492 516
318 214
32 53
231 375
68 92
201 477
206 199
284 229
609 302
175 154
576 868
922 522
329 23
92 255
799 140
165 464
523 113
754 847
33 57
865 240
840 880
358 537
273 56
5 1
22 60
164 797
146 100
316 752
61 396
341 51
62 275
104 186
60 476
711 677
20 15
153 64
184 925
76 559
87 252
41 16
11 38
339 103
413 276
920 61
466 561
911 184
19 79
27 30
786 336
586 95
76 202
5 604
132 426
209 238
38 64
25 731
256 608
842 654
520 133
644 694
748 543
158 704
228 576
312 323
584 94
851 672
770 690
633 570
569 394
412 482
102 319
551 355
836 140
434 652
62 200
339 385
386 921
624 702
376 485
162 292
501 924
505 534
77 458
81 8
326 707
210 41
588 285
104 395
496 671
347 46
441 639
304 487
112 392
236 14
143 909
1 405
930 923
10 3
106 801
15 148
112 389
74 732
270 174
750 20
56 436
216 600
190 227
719 166
906 469
24 33
435 765
123 230
333 445
354 181
265 188
94 72
208 322
171 12
122 21
101 321
6 1
221 16
131 150
143 149
563 360
52 110
646 390
358 744
5 14
587 418
1 409
873 710
374 275
308 336
396 437
669 825
713 48
125 806
214 35
715 554
822 933
656 670
299 279
57 400
491 113
164 116
291 151
91 30
878 737
69 21
327 89
535 182
535 570
57 89
215 627
490 202
416 246
168 258
230 555
135 126
303 290
296 234
7 141
285 210
67 76
175 887
693 140
66 114
2 1
61 130
265 363
529 55
26 12
346 133
470 113
50 181
290 393
72 741
28 80
78 143
433 262
292 913
18 24
154 75
168 189
34 77
764 443
914 826
511 661
80 575
163 98
73 124
372 74
317 73
27 21
5 167
657 103
237 506
884 755
98 78
505 403
492 253
282 738
150 412
306 919
624 287
509 222
253 70
170 185
428 372
855 316
676 88
61 38
274 32
467 461
294 85
900 230
300 461
136 866
212 344
370 474
243 795
236 456
55 4
42 46
820 671
169 300
667 417
568 621
